Bubblesort [10e4]
np	time0		time1			média			speed-up	Eficiência
4	149.52715	149.337191	=	149,4321705		1,266380	0,316595
8	64.147360	64.075308	=	64,111334		2,951709	0,368964
12	42.962564	42.961882	=	42,962223		4,404753	0,367063
16	31.618765	31.574598	=	31,5966785		5,989174	0,374323
20	30.184470	31.173120	=	30,678795		6,168365	0,308418
24	29.651302	29.762113	=	29,7067075		6,370211	0,265425
28	29.251332	29.347157	=	29,2992445		6,458801	0,230671
32	29.247655	29.127113	=	29,187384		6,483555	0,202611

Quicksort [10e5]
np	time0		time1		time2		time3			média		Speed-up	Eficiência
4	2.743159	2.833698	2.712810	2.685357	=	2,743756	1,792433	0,448108
8	1.423332	1.253299	1.268686	1.220950	=	1,291567	3,807778	0,475972
12	1.197834	1.196777	1.194254	1.231204	=	1,205017	4,081270	0,340106
16	1.100992	1.210287	1.252300	1.119376	=	1,170739	4,200765	0,262548
20	1.189191	1.216949	1.162631	1.186168	=	1,188735	4,137171	0,206859
24	1.161594	1.142253	1.161471	1.134823	=	1,150035	4,276391	0,178183
28	1.224143	1.280159	1.154917	1.322918	=	1,245534	3,948507	0,141018
32	1.250948	1.233575	1.259365	1.223666	=	1,241888	3,960099	0,123753


SEQUENCIAL - I5-7400 4 núcleos e 4 threads 3.0GHz, 16gb de RAM

Bubblesort [10e4]
time0		time1		time2		time3
189.795		191.635		188.002		187.521		=	189,238

Quicksort [10e5]
time0	time1	time2	time3
5.029	4.859	4.867	4.916	=	4.918

np	Sup(qs)		Sup(bs)	
4	1,792433    1,266380
8	3,807778    2,951709
12	4,081270    4,404753
16	4,200765    5,989174
20	4,137171    6,168365
24	4,276391    6,370211
28	3,948507    6,458801
32	3,960099    6,483555

np	Ef(qs)		Ef(bs)	
4	0,448108    0,316595
8	0,475972    0,368964
12	0,340106    0,367063
16	0,262548    0,374323
20	0,206859    0,308418
24	0,178183    0,265425
28	0,141018    0,230671
32	0,123753    0,202611